               open     high      low    close     move  abs_move    st_dev  avg_move  st_dev_move  pct_move  abs_pct_move  st_dev_pct  st_dev_pct_move     diff  avg_diff  avg_diff_multiple  2_st_dev_move  3_st_dev_move  2_st_dev_pct_move  3_st_dev_pct_move  2_mean_diff  3_mean_diff  2_st_dev_move_price  3_st_dev_move_price  2_st_dev_pct_move_price  3_st_dev_pct_move_price  2_mean_diff_move_price  3_mean_diff_move_price
date                                                                                                                                                                                                                                                                                                                                                                                                                                   
2020-02-27  1.08800  1.10063  1.08745  1.09996  0.01200   0.01200  0.004881  0.003734     2.458546  0.011030      0.011030    0.004295         2.568167  0.01318  0.007407           1.779440              1              0                  1                  0            0            0              1.09996                  NaN                  1.09996                      NaN                     NaN                     NaN
2020-03-02  1.10405  1.11842  1.10359  1.11308  0.01050   0.01050  0.004892  0.003743     2.146194  0.009523      0.009523    0.004306         2.211835  0.01483  0.007412           2.000717              1              0                  1                  0            1            0              1.11308                  NaN                  1.11308                      NaN                 1.11308                     NaN
2020-03-05  1.11332  1.12444  1.11192  1.12362  0.01016   0.01016  0.004893  0.003748     2.076425  0.009125      0.009125    0.004307         2.118789  0.01252  0.007420           1.687239              1              0                  1                  0            0            0              1.12362                  NaN                  1.12362                      NaN                     NaN                     NaN
2020-03-09  1.13427  1.14952  1.13394  1.14420  0.01553   0.01553  0.004917  0.003761     3.158607  0.013760      0.013760    0.004328         3.179409  0.01558  0.007436           2.095131              1              1                  1                  1            1            0              1.14420              1.14420                  1.14420                  1.14420                 1.14420                     NaN
2020-03-10  1.14407  1.14576  1.12744  1.12884 -0.01536   0.01536  0.004937  0.003770     3.111384 -0.013424      0.013424    0.004345         3.089566  0.01832  0.007445           2.460791              1              1                  1                  1            1            0              1.12884              1.12884                  1.12884                  1.12884                 1.12884                     NaN
2020-03-17  1.11743  1.11888  1.09548  1.10034 -0.01708   0.01708  0.004977  0.003796     3.431836 -0.015285      0.015285    0.004382         3.488396  0.02340  0.007494           3.122693              1              1                  1                  1            1            1              1.10034              1.10034                  1.10034                  1.10034                 1.10034                 1.10034
2020-03-19  1.09104  1.09817  1.06538  1.06619 -0.02485   0.02485  0.005036  0.003817     4.934587 -0.022776      0.022776    0.004439         5.131372  0.03279  0.007532           4.353423              1              1                  1                  1            1            1              1.06619              1.06619                  1.06619                  1.06619                 1.06619                 1.06619
2020-03-26  1.08761  1.10584  1.08697  1.10262  0.01501   0.01501  0.005058  0.003831     2.967704  0.013801      0.013801    0.004461         3.093432  0.01887  0.007572           2.492150              1              0                  1                  1            1            0              1.10262                  NaN                  1.10262                  1.10262                 1.10262                     NaN
2020-03-27  1.10265  1.11469  1.09530  1.11338  0.01076   0.01076  0.005069  0.003840     2.122730  0.009759      0.009759    0.004472         2.182271  0.01939  0.007587           2.555826              1              0                  1                  0            1            0              1.11338                  NaN                  1.11338                      NaN                 1.11338                     NaN
2020-04-02  1.09635  1.09672  1.08204  1.08555 -0.01058   0.01058  0.005082  0.003849     2.081786 -0.009652      0.009652    0.004485         2.152228  0.01468  0.007612           1.928493              1              0                  1                  0            0            0              1.08555                  NaN                  1.08555                      NaN                     NaN                     NaN
2020-06-04  1.12327  1.13622  1.11946  1.13350  0.01020   0.01020  0.004959  0.003815     2.056939  0.009080      0.009080    0.004381         2.072636  0.01676  0.007558           2.217408              1              0                  1                  0            1            0              1.13350                  NaN                  1.13350                      NaN                 1.13350                     NaN
2020-11-05  1.17217  1.18594  1.17105  1.18207  0.01012   0.01012  0.004902  0.003801     2.064417  0.008635      0.008635    0.004301         2.007698  0.01489  0.007557           1.970448              1              0                  1                  0            0            0              1.18207                  NaN                  1.18207                      NaN                     NaN                     NaN
2020-12-01  1.19260  1.20763  1.19253  1.20673  0.01438   0.01438  0.004894  0.003789     2.938456  0.012060      0.012060    0.004283         2.815767  0.01510  0.007518           2.008591              1              0                  1                  0            1            0              1.20673                  NaN                  1.20673                      NaN                 1.20673                     NaN
2021-02-26  1.21746  1.21834  1.20619  1.20700 -0.01046   0.01046  0.004854  0.003759     2.154721 -0.008592      0.008592    0.004216         2.038005  0.01215  0.007496           1.620845              1              0                  1                  0            0            0              1.20700                  NaN                  1.20700                      NaN                     NaN                     NaN
2021-04-30  1.21157  1.21262  1.20148  1.20148 -0.01028   0.01028  0.004827  0.003744     2.129801 -0.008484      0.008484    0.004174         2.032530  0.01114  0.007467           1.491970              1              0                  1                  0            0            0              1.20148                  NaN                  1.20148                      NaN                     NaN                     NaN
2021-05-07  1.20596  1.21713  1.20527  1.21625  0.01019   0.01019  0.004834  0.003749     2.108191  0.008449      0.008449    0.004178         2.022391  0.01186  0.007471           1.587380              1              0                  1                  0            0            0              1.21625                  NaN                  1.21625                      NaN                     NaN                     NaN
2021-06-16  1.21244  1.21343  1.19923  1.19923 -0.01320   0.01320  0.004793  0.003714     2.754064 -0.010887      0.010887    0.004135         2.632721  0.01420  0.007422           1.913230              1              0                  1                  0            0            0              1.19923                  NaN                  1.19923                      NaN                     NaN                     NaN
2021-10-29  1.16779  1.16898  1.15349  1.15588 -0.01191   0.01191  0.004653  0.003581     2.559645 -0.010199      0.010199    0.004021         2.536564  0.01549  0.007181           2.156935              1              0                  1                  0            1            0              1.15588                  NaN                  1.15588                      NaN                 1.15588                     NaN
2021-11-10  1.15917  1.15951  1.14754  1.14754 -0.01145   0.01145  0.004665  0.003588     2.454528 -0.009879      0.009879    0.004031         2.450674  0.01197  0.007174           1.668452              1              0                  1                  0            0            0              1.14754                  NaN                  1.14754                      NaN                     NaN                     NaN
2021-11-26  1.12049  1.13287  1.12047  1.13131  0.01081   0.01081  0.004638  0.003567     2.330638  0.009647      0.009647    0.004014         2.403447  0.01240  0.007148           1.734728              1              0                  1                  0            0            0              1.13131                  NaN                  1.13131                      NaN                     NaN                     NaN
2022-01-27  1.12399  1.12432  1.11313  1.11420 -0.00981   0.00981  0.004569  0.003514     2.147203 -0.008728      0.008728    0.003974         2.196300  0.01119  0.007020           1.594051              1              0                  1                  0            0            0              1.11420                  NaN                  1.11420                      NaN                     NaN                     NaN
2022-02-03  1.13027  1.14511  1.12664  1.14361  0.01350   0.01350  0.004575  0.003512     2.950757  0.011946      0.011946    0.003983         2.999075  0.01847  0.007017           2.632122              1              0                  1                  0            1            0              1.14361                  NaN                  1.14361                      NaN                 1.14361                     NaN
2022-02-24  1.13032  1.13081  1.11059  1.11910 -0.01119   0.01119  0.004571  0.003505     2.447903 -0.009900      0.009900    0.003984         2.484745  0.02022  0.007027           2.877662              1              0                  1                  0            1            0              1.11910                  NaN                  1.11910                      NaN                 1.11910                     NaN
2022-03-01  1.12182  1.12328  1.10892  1.11227 -0.00944   0.00944  0.004587  0.003521     2.058132 -0.008416      0.008416    0.003999         2.104496  0.01436  0.007044           2.038730              1              0                  1                  0            1            0              1.11227                  NaN                  1.11227                      NaN                 1.11227                     NaN
2022-03-04  1.10651  1.10672  1.08853  1.09310 -0.01332   0.01332  0.004598  0.003523     2.897073 -0.012039      0.012039    0.004011         3.001233  0.01819  0.007052           2.579274              1              0                  1                  1            1            0              1.09310                  NaN                  1.09310                  1.09310                 1.09310                     NaN
2022-03-09  1.08964  1.10951  1.08894  1.10724  0.01746   0.01746  0.004630  0.003537     3.770892  0.016022      0.016022    0.004044         3.961409  0.02057  0.007071           2.909109              1              1                  1                  1            1            0              1.10724              1.10724                  1.10724                  1.10724                 1.10724                     NaN
2022-03-29  1.09830  1.11368  1.09683  1.10847  0.01005   0.01005  0.004634  0.003531     2.168536  0.009150      0.009150    0.004054         2.257054  0.01685  0.007075           2.381562              1              0                  1                  0            1            0              1.10847                  NaN                  1.10847                      NaN                 1.10847                     NaN
2022-05-04  1.05190  1.06306  1.05059  1.06187  0.00989   0.00989  0.004600  0.003528     2.149768  0.009401      0.009401    0.004038         2.328341  0.01247  0.007054           1.767792              1              0                  1                  0            0            0              1.06187                  NaN                  1.06187                      NaN                     NaN                     NaN
2022-05-12  1.05125  1.05289  1.03536  1.03785 -0.01330   0.01330  0.004598  0.003522     2.892615 -0.012653      0.012653    0.004041         3.131455  0.01753  0.007064           2.481615              1              0                  1                  1            1            0              1.03785                  NaN                  1.03785                  1.03785                 1.03785                     NaN
2022-05-17  1.04323  1.05553  1.04281  1.05494  0.01177   0.01177  0.004611  0.003530     2.552862  0.011283      0.011283    0.004055         2.782751  0.01272  0.007068           1.799606              1              0                  1                  0            0            0              1.05494                  NaN                  1.05494                      NaN                     NaN                     NaN
2022-05-19  1.04611  1.06068  1.04593  1.05825  0.01205   0.01205  0.004634  0.003550     2.600183  0.011518      0.011518    0.004079         2.823593  0.01475  0.007080           2.083284              1              0                  1                  0            1            0              1.05825                  NaN                  1.05825                      NaN                 1.05825                     NaN
2022-05-23  1.05563  1.06970  1.05561  1.06894  0.01307   0.01307  0.004648  0.003558     2.811777  0.012378      0.012378    0.004094         3.023264  0.01409  0.007087           1.988180              1              0                  1                  1            0            0              1.06894                  NaN                  1.06894                  1.06894                     NaN                     NaN
2022-06-02  1.06499  1.07498  1.06444  1.07466  0.00970   0.00970  0.004666  0.003577     2.078680  0.009108      0.009108    0.004114         2.213887  0.01054  0.007094           1.485755              1              0                  1                  0            0            0              1.07466                  NaN                  1.07466                      NaN                     NaN                     NaN
2022-06-09  1.07158  1.07735  1.06106  1.06155 -0.00989   0.00989  0.004665  0.003573     2.119994 -0.009231      0.009231    0.004115         2.243137  0.01629  0.007101           2.293885              1              0                  1                  0            1            0              1.06155                  NaN                  1.06155                      NaN                 1.06155                     NaN
2022-06-10  1.06162  1.06418  1.05056  1.05171 -0.00984   0.00984  0.004674  0.003580     2.105126 -0.009269      0.009269    0.004124         2.247439  0.01362  0.007111           1.915401              1              0                  1                  0            0            0              1.05171                  NaN                  1.05171                      NaN                     NaN                     NaN
2022-06-13  1.05140  1.05199  1.03993  1.04072 -0.01099   0.01099  0.004681  0.003583     2.347802 -0.010450      0.010450    0.004132         2.528686  0.01206  0.007114           1.695193              1              0                  1                  0            0            0              1.04072                  NaN                  1.04072                      NaN                     NaN                     NaN
2022-06-16  1.04454  1.06009  1.03807  1.05493  0.01050   0.01050  0.004691  0.003590     2.238223  0.010053      0.010053    0.004144         2.426251  0.02202  0.007145           3.081961              1              0                  1                  0            1            1              1.05493                  NaN                  1.05493                      NaN                 1.05493                 1.05493
2022-07-05  1.04205  1.04485  1.02349  1.02636 -0.01575   0.01575  0.004690  0.003586     3.358495 -0.015114      0.015114    0.004151         3.640746  0.02136  0.007163           2.982001              1              1                  1                  1            1            0              1.02636              1.02636                  1.02636                  1.02636                 1.02636                     NaN
2022-07-11  1.01762  1.01831  1.00333  1.00391 -0.01442   0.01442  0.004713  0.003601     3.059431 -0.014160      0.014160    0.004178         3.388923  0.01498  0.007178           2.086789              1              1                  1                  1            1            0              1.00391              1.00391                  1.00391                  1.00391                 1.00391                     NaN
2022-07-26  1.02181  1.02500  1.01072  1.01158 -0.01044   0.01044  0.004722  0.003606     2.210894 -0.010215      0.010215    0.004195         2.435262  0.01428  0.007212           1.980138              1              0                  1                  0            0            0              1.01158                  NaN                  1.01158                      NaN                     NaN                     NaN
2022-08-15  1.02598  1.02680  1.01542  1.01571 -0.00991   0.00991  0.004737  0.003619     2.091886 -0.009662      0.009662    0.004220         2.289526  0.01138  0.007237           1.572450              1              0                  1                  0            0            0              1.01571                  NaN                  1.01571                      NaN                     NaN                     NaN
2022-08-22  1.00353  1.00463  0.99258  0.99394 -0.00991   0.00991  0.004751  0.003631     2.086036 -0.009872      0.009872    0.004237         2.329996  0.01205  0.007245           1.663325              1              0                  1                  0            0            0              0.99394                  NaN                  0.99394                      NaN                     NaN                     NaN
2022-09-01  1.00512  1.00541  0.99110  0.99452 -0.01063   0.01063  0.004750  0.003625     2.237959 -0.010576      0.010576    0.004240         2.493958  0.01431  0.007271           1.968207              1              0                  1                  0            0            0              0.99452                  NaN                  0.99452                      NaN                     NaN                     NaN
2022-09-07  0.99057  1.00105  0.98752  1.00062  0.01018   0.01018  0.004754  0.003625     2.141368  0.010278      0.010278    0.004247         2.419843  0.01353  0.007281           1.858359              1              0                  1                  0            0            0              1.00062                  NaN                  1.00062                      NaN                     NaN                     NaN
2022-09-13  1.01213  1.01870  0.99663  0.99675 -0.01549   0.01549  0.004776  0.003637     3.243192 -0.015303      0.015303    0.004274         3.580108  0.02207  0.007308           3.020021              1              1                  1                  1            1            1              0.99675              0.99675                  0.99675                  0.99675                 0.99675                 0.99675
2022-09-21  0.99692  0.99747  0.98109  0.98403 -0.01295   0.01295  0.004778  0.003636     2.710504 -0.012989      0.012989    0.004281         3.034081  0.01638  0.007314           2.239614              1              0                  1                  1            1            0              0.98403                  NaN                  0.98403                  0.98403                 0.98403                     NaN
2022-09-23  0.98329  0.98515  0.96675  0.96876 -0.01455   0.01455  0.004793  0.003642     3.035661 -0.014797      0.014797    0.004301         3.440745  0.01840  0.007326           2.511673              1              1                  1                  1            1            0              0.96876              0.96876                  0.96876                  0.96876                 0.96876                     NaN
2022-09-28  0.95889  0.97506  0.95355  0.97347  0.01429   0.01429  0.004811  0.003651     2.970223  0.014898      0.014898    0.004326         3.444132  0.02151  0.007347           2.927649              1              0                  1                  1            1            0              0.97347                  NaN                  0.97347                  0.97347                 0.97347                     NaN
2022-10-04  0.98236  0.99991  0.98057  0.99856  0.01620   0.01620  0.004833  0.003659     3.352136  0.016491      0.016491    0.004354         3.787235  0.01934  0.007373           2.622944              1              1                  1                  1            1            0              0.99856              0.99856                  0.99856                  0.99856                 0.99856                     NaN
2022-10-05  0.99852  0.99945  0.98342  0.98853 -0.01003   0.01003  0.004843  0.003668     2.071131 -0.010044      0.010044    0.004366         2.300854  0.01603  0.007383           2.171062              1              0                  1                  0            1            0              0.98853                  NaN                  0.98853                      NaN                 0.98853                     NaN
2022-10-17  0.97213  0.98518  0.97197  0.98436  0.01210   0.01210  0.004863  0.003682     2.488126  0.012445      0.012445    0.004394         2.832285  0.01321  0.007407           1.783356              1              0                  1                  0            0            0              0.98436                  NaN                  0.98436                      NaN                     NaN                     NaN
2022-10-26  0.99657  1.00882  0.99431  1.00831  0.01157   0.01157  0.004889  0.003698     2.366321  0.011608      0.011608    0.004427         2.622284  0.01451  0.007433           1.952070              1              0                  1                  0            0            0              1.00831                  NaN                  1.00831                      NaN                     NaN                     NaN
2022-10-27  1.00810  1.00930  0.99572  0.99636 -0.01195   0.01195  0.004903  0.003708     2.437132 -0.011852      0.011852    0.004442         2.668189  0.01358  0.007440           1.825244              1              0                  1                  0            0            0              0.99636                  NaN                  0.99636                      NaN                     NaN                     NaN
2022-11-04  0.97486  0.99662  0.97419  0.99582  0.02096   0.02096  0.004940  0.003718     4.242860  0.021501      0.021501    0.004491         4.787965  0.02243  0.007456           3.008235              1              1                  1                  1            1            1              0.99582              0.99582                  0.99582                  0.99582                 0.99582                 0.99582
2022-11-10  1.00101  1.02215  0.99352  1.02064  0.01940   0.01940  0.004970  0.003734     3.903393  0.019376      0.019376    0.004528         4.279088  0.02863  0.007481           3.827068              1              1                  1                  1            1            1              1.02064              1.02064                  1.02064                  1.02064                 1.02064                 1.02064
2022-11-11  1.02055  1.03639  1.01626  1.03531  0.01467   0.01467  0.004986  0.003741     2.942434  0.014373      0.014373    0.004546         3.161916  0.02013  0.007492           2.686793              1              0                  1                  1            1            0              1.03531                  NaN                  1.03531                  1.03531                 1.03531                     NaN
2022-12-01  1.04062  1.05326  1.03923  1.05262  0.01202   0.01202  0.005001  0.003759     2.403432  0.011551      0.011551    0.004568         2.528868  0.01403  0.007548           1.858740              1              0                  1                  0            0            0              1.05262                  NaN                  1.05262                      NaN                     NaN                     NaN
2023-01-03  1.06614  1.06828  1.05192  1.05482 -0.01129   0.01129  0.005024  0.003782     2.247050 -0.010590      0.010590    0.004593         2.305739  0.01636  0.007618           2.147423              1              0                  1                  0            1            0              1.05482                  NaN                  1.05482                      NaN                 1.05482                     NaN
2023-01-06  1.05208  1.06477  1.04797  1.06435  0.01228   0.01228  0.005049  0.003805     2.432339  0.011672      0.011672    0.004617         2.528231  0.01680  0.007638           2.199670              1              0                  1                  0            1            0              1.06435                  NaN                  1.06435                      NaN                 1.06435                     NaN
2023-02-01  1.08615  1.10007  1.08519  1.09886  0.01263   0.01263  0.005051  0.003801     2.500268  0.011627      0.011627    0.004622         2.515410  0.01488  0.007682           1.937102              1              0                  1                  0            0            0              1.09886                  NaN                  1.09886                      NaN                     NaN                     NaN
2023-02-03  1.09087  1.09396  1.07919  1.07925 -0.01169   0.01169  0.005071  0.003819     2.305366 -0.010716      0.010716    0.004640         2.309301  0.01477  0.007703           1.917517              1              0                  1                  0            0            0              1.07925                  NaN                  1.07925                      NaN                     NaN                     NaN