               open     high      low    close     move  abs_move    st_dev  avg_move  st_dev_move  pct_move  abs_pct_move  st_dev_pct  st_dev_pct_move     diff  avg_diff  avg_diff_multiple  2_st_dev_move  3_st_dev_move  2_st_dev_pct_move  3_st_dev_pct_move  2_mean_diff  3_mean_diff  2_st_dev_move_price  3_st_dev_move_price  2_st_dev_pct_move_price  3_st_dev_pct_move_price  2_mean_diff_move_price  3_mean_diff_move_price
date                                                                                                                                                                                                                                                                                                                                                                                                                                   
2020-03-09  1.13427  1.14952  1.13394  1.14420  0.01553   0.01553  0.004685  0.003617     3.314876  0.013760      0.013760    0.004053         3.394803  0.01558  0.007102           2.193868              1              1                  1                  1            1            0              1.14420              1.14420                  1.14420                  1.14420                 1.14420                     NaN
2020-03-10  1.14407  1.14576  1.12744  1.12884 -0.01536   0.01536  0.004714  0.003630     3.258058 -0.013424      0.013424    0.004079         3.291332  0.01832  0.007114           2.575033              1              1                  1                  1            1            0              1.12884              1.12884                  1.12884                  1.12884                 1.12884                     NaN
2020-03-17  1.11743  1.11888  1.09548  1.10034 -0.01708   0.01708  0.004773  0.003670     3.578089 -0.015285      0.015285    0.004132         3.698869  0.02340  0.007204           3.247971              1              1                  1                  1            1            1              1.10034              1.10034                  1.10034                  1.10034                 1.10034                 1.10034
2020-03-19  1.09104  1.09817  1.06538  1.06619 -0.02485   0.02485  0.004859  0.003699     5.114468 -0.022776      0.022776    0.004214         5.404434  0.03279  0.007258           4.517739              1              1                  1                  1            1            1              1.06619              1.06619                  1.06619                  1.06619                 1.06619                 1.06619
2020-03-26  1.08764  1.10584  1.08697  1.10262  0.01501   0.01501  0.004877  0.003717     3.077885  0.013801      0.013801    0.004232         3.261447  0.01887  0.007328           2.575016              1              1                  1                  1            1            0              1.10262              1.10262                  1.10262                  1.10262                 1.10262                     NaN
2022-02-03  1.13027  1.14511  1.12664  1.14361  0.01350   0.01350  0.004442  0.003385     3.039273  0.011946      0.011946    0.003884         3.075503  0.01847  0.006762           2.731543              1              1                  1                  1            1            0              1.14361              1.14361                  1.14361                  1.14361                 1.14361                     NaN
2022-03-09  1.08964  1.10951  1.08894  1.10724  0.01746   0.01746  0.004560  0.003463     3.828819  0.016022      0.016022    0.003995         4.010169  0.02057  0.006910           2.976971              1              1                  1                  1            1            0              1.10724              1.10724                  1.10724                  1.10724                 1.10724                     NaN
2022-07-05  1.04205  1.04485  1.02349  1.02636 -0.01575   0.01575  0.004861  0.003716     3.240271 -0.015114      0.015114    0.004310         3.506639  0.02136  0.007373           2.897175              1              1                  1                  1            1            0              1.02636              1.02636                  1.02636                  1.02636                 1.02636                     NaN
2022-09-13  1.01213  1.01870  0.99663  0.99675 -0.01549   0.01549  0.005041  0.003855     3.072765 -0.015303      0.015303    0.004519         3.386068  0.02207  0.007721           2.858348              1              1                  1                  1            1            0              0.99675              0.99675                  0.99675                  0.99675                 0.99675                     NaN
2022-10-04  0.98236  0.99991  0.98057  0.99856  0.01620   0.01620  0.005160  0.003933     3.139303  0.016491      0.016491    0.004661         3.538311  0.01934  0.007883           2.453236              1              1                  1                  1            1            0              0.99856              0.99856                  0.99856                  0.99856                 0.99856                     NaN
2022-11-04  0.97479  0.99662  0.97419  0.99582  0.02096   0.02096  0.005334  0.004068     3.929303  0.021501      0.021501    0.004863         4.421136  0.02243  0.008106           2.766971              1              1                  1                  1            1            0              0.99582              0.99582                  0.99582                  0.99582                 0.99582                     NaN
2022-11-10  1.00101  1.02215  0.99352  1.02064  0.01940   0.01940  0.005391  0.004108     3.598316  0.019376      0.019376    0.004926         3.933422  0.02863  0.008171           3.503847              1              1                  1                  1            1            1              1.02064              1.02064                  1.02064                  1.02064                 1.02064                 1.02064