               open     high      low    close     move  abs_move    st_dev  avg_move  st_dev_move  pct_move  abs_pct_move  st_dev_pct  st_dev_pct_move     diff  avg_diff  avg_diff_multiple  2_st_dev_move  3_st_dev_move  2_st_dev_pct_move  3_st_dev_pct_move  2_mean_diff  3_mean_diff  2_st_dev_move_price  3_st_dev_move_price  2_st_dev_pct_move_price  3_st_dev_pct_move_price  2_mean_diff_move_price  3_mean_diff_move_price
date                                                                                                                                                                                                                                                                                                                                                                                                                                   
2020-02-03  1.31786  1.31837  1.29824  1.29983 -0.02043   0.02043  0.006645  0.005057     3.074538 -0.015474      0.015474    0.005099         3.034460  0.02013  0.010172           1.978988              1              1                  1                  1            0            0              1.29983              1.29983                  1.29983                  1.29983                     NaN                     NaN
2020-03-10  1.30960  1.31157  1.28674  1.28832 -0.02104   0.02104  0.006676  0.005076     3.151690 -0.016069      0.016069    0.005116         3.141093  0.02483  0.010198           2.434768              1              1                  1                  1            1            0              1.28832              1.28832                  1.28832                  1.28832                 1.28832                     NaN
2020-03-12  1.28131  1.28481  1.24898  1.25760 -0.02380   0.02380  0.006729  0.005101     3.536857 -0.018573      0.018573    0.005158         3.601052  0.03583  0.010248           3.496291              1              1                  1                  1            1            1              1.25760              1.25760                  1.25760                  1.25760                 1.25760                 1.25760
2020-03-13  1.25763  1.26237  1.22535  1.22924 -0.02836   0.02836  0.006805  0.005131     4.167432 -0.022551      0.022551    0.005221         4.319665  0.03702  0.010288           3.598371              1              1                  1                  1            1            1              1.22924              1.22924                  1.22924                  1.22924                 1.22924                 1.22924
2020-03-17  1.22658  1.22711  1.20001  1.20578 -0.02080   0.02080  0.006845  0.005154     3.038562 -0.016958      0.016958    0.005255         3.226679  0.02710  0.010338           2.621309              1              1                  1                  1            1            0              1.20578              1.20578                  1.20578                  1.20578                 1.20578                     NaN
2020-03-18  1.20600  1.21291  1.14449  1.15784 -0.04794   0.04794  0.007062  0.005212     6.788635 -0.039758      0.039758    0.005449         7.296276  0.06842  0.010419           6.566644              1              1                  1                  1            1            1              1.15784              1.15784                  1.15784                  1.15784                 1.15784                 1.15784
2020-03-24  1.15298  1.17985  1.15142  1.17490  0.02205   0.02205  0.007085  0.005245     3.112053  0.019127      0.019127    0.005485         3.487315  0.02843  0.010525           2.701300              1              1                  1                  1            1            0              1.17490              1.17490                  1.17490                  1.17490                 1.17490                     NaN
2020-03-26  1.18900  1.22291  1.17753  1.21602  0.02679   0.02679  0.007170  0.005292     3.736407  0.022527      0.022527    0.005562         4.049941  0.04538  0.010610           4.276958              1              1                  1                  1            1            1              1.21602              1.21602                  1.21602                  1.21602                 1.21602                 1.21602
2020-03-27  1.21601  1.24850  1.21296  1.24502  0.02900   0.02900  0.007248  0.005329     4.001378  0.023848      0.023848    0.005630         4.236089  0.03554  0.010650           3.337201              1              1                  1                  1            1            1              1.24502              1.24502                  1.24502                  1.24502                 1.24502                 1.24502
2022-05-05  1.26306  1.26326  1.23245  1.23535 -0.02782   0.02782  0.007147  0.005260     3.892321 -0.022024      0.022024    0.005561         3.960375  0.03081  0.010595           2.907997              1              1                  1                  1            1            0              1.23535              1.23535                  1.23535                  1.23535                 1.23535                     NaN
2022-09-23  1.12560  1.12732  1.08388  1.08516 -0.04024   0.04024  0.007421  0.005442     5.422660 -0.035756      0.035756    0.005836         6.126509  0.04344  0.011027           3.939262              1              1                  1                  1            1            1              1.08516              1.08516                  1.08516                  1.08516                 1.08516                 1.08516
2022-10-13  1.10977  1.13793  1.10573  1.13288  0.02306   0.02306  0.007653  0.005617     3.013219  0.020778      0.020778    0.006082         3.416381  0.03220  0.011395           2.825820              1              1                  1                  1            1            0              1.13288              1.13288                  1.13288                  1.13288                 1.13288                     NaN
2022-11-10  1.13560  1.17313  1.13486  1.17122  0.03565   0.03565  0.007948  0.005808     4.485582  0.031394      0.031394    0.006390         4.913126  0.03827  0.011643           3.286990              1              1                  1                  1            1            1              1.17122              1.17122                  1.17122                  1.17122                 1.17122                 1.17122
2022-12-15  1.24253  1.24270  1.21559  1.21762 -0.02509   0.02509  0.008080  0.005910     3.105217 -0.020190      0.020190    0.006511         3.100976  0.02711  0.011840           2.289693              1              1                  1                  1            1            0              1.21762              1.21762                  1.21762                  1.21762                 1.21762                     NaN