               open     high      low    close    move  abs_move     st_dev   avg_move  st_dev_move  pct_move  abs_pct_move  st_dev_pct  st_dev_pct_move    diff   avg_diff  avg_diff_multiple  2_st_dev_move  3_st_dev_move  2_st_dev_pct_move  3_st_dev_pct_move  2_mean_diff  3_mean_diff  2_st_dev_move_price  3_st_dev_move_price  2_st_dev_pct_move_price  3_st_dev_pct_move_price  2_mean_diff_move_price  3_mean_diff_move_price
date                                                                                                                                                                                                                                                                                                                                                                                                                                    
2020-01-03  1528.32  1553.48  1527.83  1551.71   22.80     22.80   9.670402   7.139355     2.357710  0.014913      0.014913    0.007439         2.004664   25.65  14.613075           1.755277              1              0                  1                  0            0            0              1551.71                  NaN                  1551.71                      NaN                     NaN                     NaN
2020-02-04  1576.93  1579.55  1548.91  1552.37  -24.06     24.06   9.480154   7.054147     2.537933 -0.015262      0.015262    0.007224         2.112768   30.64  14.458413           2.119181              1              0                  1                  0            1            0              1552.37                  NaN                  1552.37                      NaN                 1552.37                     NaN
2020-02-18  1580.55  1604.99  1580.55  1601.13   20.33     20.33   9.399215   7.001250     2.162947  0.012861      0.012861    0.007144         1.800276   24.44  14.344802           1.703753              1              0                  0                  0            0            0              1601.13                  NaN                      NaN                      NaN                     NaN                     NaN
2020-02-21  1619.71  1649.17  1618.86  1643.01   23.80     23.80   9.391505   7.007351     2.534205  0.014699      0.014699    0.007124         2.063160   30.31  14.347530           2.112559              1              0                  1                  0            1            0              1643.01                  NaN                  1643.01                      NaN                 1643.01                     NaN
2020-02-25  1658.50  1663.61  1629.35  1634.57  -23.78     23.78   9.396153   7.008591     2.530823 -0.014340      0.014340    0.007112         2.016326   34.26  14.379246           2.382601              1              0                  1                  0            1            0              1634.57                  NaN                  1634.57                      NaN                 1634.57                     NaN
2020-02-28  1643.91  1649.40  1562.87  1585.50  -58.61     58.61   9.568989   7.051458     6.124994 -0.035648      0.035648    0.007192         4.956477   86.53  14.469335           5.980233              1              1                  1                  1            1            1              1585.50              1585.50                  1585.50                  1585.50                 1585.50                 1585.50
2020-03-03  1585.02  1649.23  1584.43  1640.33   51.36     51.36   9.687030   7.081558     5.301935  0.032323      0.032323    0.007248         4.459365   64.80  14.531796           4.459187              1              1                  1                  1            1            1              1640.33              1640.33                  1640.33                  1640.33                 1640.33                 1640.33
2020-03-05  1637.18  1673.79  1634.91  1671.83   35.42     35.42   9.734808   7.102173     3.638490  0.021645      0.021645    0.007266         2.979056   38.88  14.557411           2.670805              1              1                  1                  0            1            0              1671.83              1671.83                  1671.83                      NaN                 1671.83                     NaN
2020-03-10  1679.39  1680.14  1641.43  1648.89  -30.72     30.72   9.760670   7.107431     3.147325 -0.018290      0.018290    0.007268         2.516385   38.71  14.642808           2.643619              1              1                  1                  0            1            0              1648.89              1648.89                  1648.89                      NaN                 1648.89                     NaN
2020-03-12  1633.45  1649.99  1560.53  1577.34  -57.13     57.13   9.925239   7.157837     5.756033 -0.034953      0.034953    0.007347         4.757685   89.46  14.738869           6.069665              1              1                  1                  1            1            1              1577.34              1577.34                  1577.34                  1577.34                 1577.34                 1577.34
2020-03-13  1579.10  1597.82  1504.54  1529.00  -48.34     48.34  10.042874   7.204643     4.813363 -0.030647      0.030647    0.007411         4.135358   93.28  14.819812           6.294277              1              1                  1                  1            1            1              1529.00              1529.00                  1529.00                  1529.00                 1529.00                 1529.00
2020-03-18  1527.50  1545.95  1472.52  1485.70  -42.10     42.10  10.131800   7.245853     4.155234 -0.027556      0.027556    0.007457         3.695144   73.43  15.031726           4.885001              1              1                  1                  1            1            1              1485.70              1485.70                  1485.70                  1485.70                 1485.70                 1485.70
2020-03-20  1469.59  1515.71  1454.79  1497.90   25.78     25.78  10.159026   7.263591     2.537645  0.017512      0.017512    0.007471         2.344088   60.92  15.091587           4.036686              1              0                  1                  0            1            1              1497.90                  NaN                  1497.90                      NaN                 1497.90                 1497.90
2020-03-23  1503.63  1561.09  1482.27  1552.85   54.95     54.95  10.302798   7.312758     5.333503  0.036685      0.036685    0.007557         4.854108   78.82  15.156190           5.200515              1              1                  1                  1            1            1              1552.85              1552.85                  1552.85                  1552.85                 1552.85                 1552.85
2020-03-24  1554.76  1632.86  1552.17  1626.42   73.57     73.57  10.557818   7.383155     6.968296  0.047377      0.047377    0.007702         6.151597   80.69  15.222917           5.300561              1              1                  1                  1            1            1              1626.42              1626.42                  1626.42                  1626.42                 1626.42                 1626.42
2020-03-31  1622.02  1623.44  1574.29  1575.37  -45.17     45.17  10.609485   7.395744     4.257511 -0.027873      0.027873    0.007709         3.615673   49.15  15.304573           3.211458              1              1                  1                  1            1            1              1575.37              1575.37                  1575.37                  1575.37                 1575.37                 1575.37
2020-04-06  1615.33  1668.64  1608.69  1657.25   42.35     42.35  10.686971   7.438512     3.962769  0.026225      0.026225    0.007740         3.388250   59.95  15.373889           3.899469              1              1                  1                  1            1            1              1657.25              1657.25                  1657.25                  1657.25                 1657.25                 1657.25
2020-04-09  1644.42  1690.19  1642.83  1682.86   37.13     37.13  10.735860   7.451964     3.458503  0.022561      0.022561    0.007758         2.908144   47.36  15.421280           3.071081              1              1                  1                  0            1            1              1682.86              1682.86                  1682.86                      NaN                 1682.86                 1682.86
2020-04-13  1686.94  1722.47  1673.76  1713.25   30.39     30.39  10.777314   7.481458     2.819812  0.018059      0.018059    0.007778         2.321707   48.71  15.451647           3.152415              1              0                  1                  0            1            1              1713.25                  NaN                  1713.25                      NaN                 1713.25                 1713.25
2020-04-17  1718.78  1718.78  1679.49  1681.95  -35.99     35.99  10.829610   7.511101     3.323296 -0.020950      0.020950    0.007795         2.687728   39.29  15.514117           2.532532              1              1                  1                  0            1            0              1681.95              1681.95                  1681.95                      NaN                 1681.95                     NaN
2020-04-22  1685.55  1718.92  1678.41  1712.64   27.94     27.94  10.853164   7.534554     2.574365  0.016585      0.016585    0.007796         2.127230   40.51  15.569365           2.601904              1              0                  1                  0            1            0              1712.64                  NaN                  1712.64                      NaN                 1712.64                     NaN
2020-04-30  1711.88  1721.65  1681.34  1686.99  -25.84     25.84  10.896103   7.569325     2.371490 -0.015086      0.015086    0.007811         1.931343   40.31  15.650923           2.575567              1              0                  0                  0            1            0              1686.99                  NaN                      NaN                      NaN                 1686.99                     NaN
2020-05-07  1681.40  1721.96  1681.40  1716.12   30.66     30.66  10.898062   7.577530     2.813344  0.018191      0.018191    0.007782         2.337653   40.56  15.701012           2.583273              1              0                  1                  0            1            0              1716.12                  NaN                  1716.12                      NaN                 1716.12                     NaN
2020-06-03  1724.67  1731.82  1689.34  1698.36  -28.99     28.99  10.791990   7.564494     2.686252 -0.016783      0.016783    0.007631         2.199420   42.48  15.688323           2.707746              1              0                  1                  0            1            0              1698.36                  NaN                  1698.36                      NaN                 1698.36                     NaN
2020-06-05  1712.98  1716.14  1670.65  1684.34  -28.91     28.91  10.839522   7.600119     2.667092 -0.016874      0.016874    0.007653         2.204855   45.49  15.703016           2.896896              1              0                  1                  0            1            0              1684.34                  NaN                  1684.34                      NaN                 1684.34                     NaN
2020-06-10  1713.06  1739.65  1707.94  1738.08   23.89     23.89  10.852670   7.612232     2.201302  0.013937      0.013937    0.007650         1.821683   31.71  15.716865           2.017578              1              0                  0                  0            1            0              1738.08                  NaN                      NaN                      NaN                 1738.08                     NaN
2020-07-21  1817.60  1843.35  1815.72  1841.44   24.34     24.34  10.856611   7.628264     2.241952  0.013395      0.013395    0.007612         1.759713   27.63  15.821677           1.746338              1              0                  0                  0            0            0              1841.44                  NaN                      NaN                      NaN                     NaN                     NaN
2020-07-22  1839.53  1871.91  1839.53  1871.30   29.86     29.86  10.885796   7.643631     2.743024  0.016216      0.016216    0.007620         2.127922   32.38  15.837302           2.044540              1              0                  1                  0            1            0              1871.30                  NaN                  1871.30                      NaN                 1871.30                     NaN
2020-07-27  1901.50  1945.54  1899.05  1941.60   41.47     41.47  10.978596   7.707183     3.777350  0.021825      0.021825    0.007657         2.850444   46.49  15.899772           2.923941              1              1                  1                  0            1            0              1941.60              1941.60                  1941.60                      NaN                 1941.60                     NaN
2020-08-04  1976.44  2019.85  1965.65  2018.90   42.46     42.46  11.065335   7.757550     3.837209  0.021483      0.021483    0.007672         2.800134   54.20  16.054375           3.376027              1              1                  1                  0            1            1              2018.90              2018.90                  2018.90                      NaN                 2018.90                 2018.90
2020-08-06  2037.02  2069.56  2034.38  2062.80   25.17     25.17  11.102724   7.789415     2.267011  0.012353      0.012353    0.007683         1.607729   35.18  16.111419           2.183545              1              0                  0                  0            1            0              2062.80                  NaN                      NaN                      NaN                 2062.80                     NaN
2020-08-07  2063.37  2074.30  2015.41  2034.54  -28.26     28.26  11.134642   7.807083     2.538025 -0.013700      0.013700    0.007692         1.781099   58.89  16.157688           3.644705              1              0                  0                  0            1            1              2034.54                  NaN                      NaN                      NaN                 2034.54                 2034.54
2020-08-11  2027.51  2029.95  1901.09  1911.32 -115.90    115.90  11.723310   7.919921     9.886287 -0.057172      0.057172    0.007901         7.236325  128.86  16.290139           7.910307              1              1                  1                  1            1            1              1911.32              1911.32                  1911.32                  1911.32                 1911.32                 1911.32
2020-08-13  1915.03  1966.23  1912.69  1953.20   36.70     36.70  11.775356   7.949246     3.116679  0.019149      0.019149    0.007920         2.417932   53.54  16.398591           3.264915              1              1                  1                  0            1            1              1953.20              1953.20                  1953.20                      NaN                 1953.20                 1953.20
2020-08-17  1946.43  1990.62  1929.53  1985.04   41.20     41.20  11.847402   7.991954     3.477556  0.021195      0.021195    0.007947         2.666941   61.09  16.468065           3.709604              1              1                  1                  0            1            1              1985.04              1985.04                  1985.04                      NaN                 1985.04                 1985.04
2020-08-19  2001.79  2006.45  1924.58  1929.16  -72.57     72.57  12.061965   8.057381     6.016432 -0.036254      0.036254    0.008019         4.521153   81.87  16.554226           4.945565              1              1                  1                  1            1            1              1929.16              1929.16                  1929.16                  1929.16                 1929.16                 1929.16
2020-08-26  1931.89  1954.68  1902.56  1953.81   26.02     26.02  12.100346   8.100238     2.150352  0.013497      0.013497    0.008031         1.680681   52.12  16.688631           3.123084              1              0                  0                  0            1            1              1953.81                  NaN                      NaN                      NaN                 1953.81                 1953.81
2020-08-27  1952.35  1976.38  1909.78  1929.15  -24.66     24.66  12.126376   8.123373     2.033584 -0.012621      0.012621    0.008041         1.569596   66.60  16.745030           3.977300              1              0                  0                  0            1            1              1929.15                  NaN                      NaN                      NaN                 1929.15                 1929.15
2020-08-28  1928.62  1973.83  1923.04  1964.61   35.46     35.46  12.174817   8.153909     2.912569  0.018381      0.018381    0.008060         2.280494   50.79  16.780655           3.026700              1              0                  1                  0            1            1              1964.61                  NaN                  1964.61                      NaN                 1964.61                 1964.61
2020-09-02  1969.53  1973.20  1932.69  1942.60  -27.60     27.60  12.126649   8.138085     2.275979 -0.014009      0.014009    0.008002         1.750638   40.51  16.801409           2.411107              1              0                  0                  0            1            0              1942.60                  NaN                      NaN                      NaN                 1942.60                     NaN
2020-09-21  1949.55  1955.54  1882.14  1912.53  -37.12     37.12  12.209831   8.203581     3.040173 -0.019039      0.019039    0.008026         2.372101   73.40  17.025248           4.311244              1              1                  1                  0            1            1              1912.53              1912.53                  1912.53                      NaN                 1912.53                 1912.53
2020-09-23  1897.94  1905.24  1855.71  1863.08  -36.79     36.79  12.268135   8.236181     2.998826 -0.019364      0.019364    0.008048         2.406036   49.53  17.073492           2.900988              1              0                  1                  0            1            0              1863.08                  NaN                  1863.08                      NaN                 1863.08                     NaN
2020-10-06  1912.08  1920.95  1874.50  1877.88  -34.90     34.90  12.351638   8.307778     2.825536 -0.018246      0.018246    0.008066         2.262041   46.45  17.191954           2.701845              1              0                  1                  0            1            0              1877.88                  NaN                  1877.88                      NaN                 1877.88                     NaN
2020-10-09  1893.56  1930.43  1893.08  1930.00   36.42     36.42  12.350910   8.307788     2.948771  0.019233      0.019233    0.008036         2.393525   37.35  17.118026           2.181910              1              0                  1                  0            1            0              1930.00                  NaN                  1930.00                      NaN                 1930.00                     NaN
2020-10-13  1921.78  1925.24  1886.26  1890.93  -31.35     31.35  12.391021   8.332738     2.530058 -0.016309      0.016309    0.008050         2.025877   38.98  17.139692           2.274253              1              0                  1                  0            1            0              1890.93                  NaN                  1890.93                      NaN                 1890.93                     NaN
2020-10-28  1904.99  1910.80  1869.16  1876.56  -30.97     30.97  12.422888   8.359444     2.492979 -0.016236      0.016236    0.008032         2.021469   41.64  17.203185           2.420482              1              0                  1                  0            1            0              1876.56                  NaN                  1876.56                      NaN                 1876.56                     NaN
2020-11-05  1903.00  1952.71  1902.12  1948.66   46.20     46.20  12.527644   8.440030     3.687844  0.024284      0.024284    0.008073         3.008116   50.59  17.293393           2.925395              1              1                  1                  1            1            0              1948.66              1948.66                  1948.66                  1948.66                 1948.66                     NaN
2020-11-09  1954.95  1965.41  1850.31  1862.58  -88.59     88.59  12.835205   8.517927     6.902110 -0.045404      0.045404    0.008196         5.539604  115.10  17.402252           6.614087              1              1                  1                  1            1            1              1862.58              1862.58                  1862.58                  1862.58                 1862.58                 1862.58
2020-11-23  1870.51  1875.94  1830.95  1836.87  -33.80     33.80  12.888907   8.566825     2.622410 -0.018068      0.018068    0.008202         2.202968   44.99  17.524940           2.567198              1              0                  1                  0            1            0              1836.87                  NaN                  1836.87                      NaN                 1836.87                     NaN
2020-11-24  1837.81  1838.31  1800.06  1806.45  -30.42     30.42  12.925894   8.594008     2.353416 -0.016561      0.016561    0.008219         2.014900   38.25  17.555010           2.178865              1              0                  1                  0            1            0              1806.45                  NaN                  1806.45                      NaN                 1806.45                     NaN
2020-12-01  1776.73  1817.27  1775.31  1814.65   38.10     38.10  12.981333   8.616944     2.934984  0.021446      0.021446    0.008231         2.605627   41.96  17.606746           2.383177              1              0                  1                  0            1            0              1814.65                  NaN                  1814.65                      NaN                 1814.65                     NaN
2020-12-09  1870.52  1870.59  1825.32  1838.95  -30.90     30.90  13.047109   8.674127     2.368341 -0.016525      0.016525    0.008256         2.001693   45.27  17.691825           2.558809              1              0                  1                  0            1            0              1838.95                  NaN                  1838.95                      NaN                 1838.95                     NaN
2020-12-15  1827.05  1855.33  1825.31  1853.15   26.44     26.44  13.065200   8.685427     2.023696  0.014474      0.014474    0.008255         1.753316   30.02  17.736875           1.692519              1              0                  0                  0            0            0              1853.15                  NaN                      NaN                      NaN                     NaN                     NaN
2021-01-04  1904.14  1944.43  1901.59  1942.34   44.20     44.20  13.154249   8.745119     3.360131  0.023286      0.023286    0.008272         2.814934   42.84  17.858631           2.398840              1              1                  1                  0            1            0              1942.34              1942.34                  1942.34                      NaN                 1942.34                     NaN
2021-01-06  1948.94  1959.33  1900.65  1917.74  -31.70     31.70  13.193332   8.774514     2.402729 -0.016261      0.016261    0.008288         1.962106   58.68  17.913075           3.275819              1              0                  0                  0            1            1              1917.74                  NaN                      NaN                      NaN                 1917.74                 1917.74
2021-01-08  1913.64  1917.36  1828.21  1848.14  -65.38     65.38  13.350000   8.826716     4.897378 -0.034167      0.034167    0.008352         4.090916   89.15  17.988165           4.956036              1              1                  1                  1            1            1              1848.14              1848.14                  1848.14                  1848.14                 1848.14                 1848.14
2021-01-20  1839.26  1871.92  1832.22  1871.66   31.80     31.80  13.405603   8.882569     2.372142  0.017284      0.017284    0.008375         2.063849   39.70  18.130893           2.189633              1              0                  1                  0            1            0              1871.66                  NaN                  1871.66                      NaN                 1871.66                     NaN
2021-02-04  1833.58  1834.70  1784.89  1793.87  -40.05     40.05  13.475747   8.918294     2.972006 -0.021838      0.021838    0.008391         2.602493   49.81  18.279702           2.724880              1              0                  1                  0            1            0              1793.87                  NaN                  1793.87                      NaN                 1793.87                     NaN
2021-02-25  1803.92  1804.29  1765.48  1769.83  -34.80     34.80  13.592280   9.019812     2.560277 -0.019284      0.019284    0.008431         2.287331   38.81  18.489454           2.099034              1              0                  1                  0            1            0              1769.83                  NaN                  1769.83                      NaN                 1769.83                     NaN
2021-02-26  1770.91  1775.64  1717.15  1734.28  -35.55     35.55  13.638616   9.049226     2.606569 -0.020087      0.020087    0.008454         2.375950   58.49  18.536587           3.155381              1              0                  1                  0            1            1              1734.28                  NaN                  1734.28                      NaN                 1734.28                 1734.28
2021-03-09  1683.07  1720.48  1680.12  1715.64   32.25     32.25  13.717272   9.131220     2.351051  0.019158      0.019158    0.008491         2.256307   40.36  18.684554           2.160073              1              0                  1                  0            1            0              1715.64                  NaN                  1715.64                      NaN                 1715.64                     NaN
2021-05-06  1787.01  1818.00  1781.96  1814.81   28.09     28.09  13.864239   9.304851     2.026076  0.015722      0.015722    0.008515         1.846248   36.04  19.101052           1.886807              1              0                  0                  0            0            0              1814.81                  NaN                      NaN                      NaN                     NaN                     NaN
2021-06-03  1908.11  1909.55  1865.22  1870.39  -37.79     37.79  13.955730   9.394683     2.707848 -0.019804      0.019804    0.008535         2.320360   44.33  19.317748           2.294781              1              0                  1                  0            1            0              1870.39                  NaN                  1870.39                      NaN                 1870.39                     NaN
2021-06-16  1858.99  1862.81  1803.39  1811.80  -46.83     46.83  14.067663   9.480288     3.328911 -0.025196      0.025196    0.008579         2.936875   59.42  19.468452           3.052117              1              1                  1                  0            1            1              1811.80              1811.80                  1811.80                      NaN                 1811.80                 1811.80
2021-06-17  1812.84  1825.21  1767.13  1773.02  -38.78     38.78  14.121867   9.515446     2.746096 -0.021404      0.021404    0.008606         2.487016   58.08  19.513869           2.976345              1              0                  1                  0            1            0              1773.02                  NaN                  1773.02                      NaN                 1773.02                     NaN
2021-08-06  1804.65  1804.68  1758.65  1763.62  -40.25     40.25  14.200200   9.562440     2.834467 -0.022313      0.022313    0.008609         2.591734   46.03  19.759038           2.329567              1              0                  1                  0            1            0              1763.62                  NaN                  1763.62                      NaN                 1763.62                     NaN
2021-08-09  1762.68  1764.46  1681.79  1729.37  -34.25     34.25  14.229108   9.577649     2.407038 -0.019420      0.019420    0.008620         2.252966   82.67  19.827440           4.169474              1              0                  1                  0            1            1              1729.37                  NaN                  1729.37                      NaN                 1729.37                 1729.37
2021-09-07  1823.77  1827.17  1791.55  1794.13  -28.92     28.92  14.309419   9.614296     2.021046 -0.015864      0.015864    0.008635         1.837025   35.62  19.957292           1.784811              1              0                  0                  0            0            0              1794.13                  NaN                      NaN                      NaN                     NaN                     NaN
2021-09-16  1794.12  1796.12  1745.20  1753.33  -40.23     40.23  14.366612   9.651518     2.800243 -0.022430      0.022430    0.008659         2.590445   50.92  20.034990           2.541554              1              0                  1                  0            1            0              1753.33                  NaN                  1753.33                      NaN                 1753.33                     NaN
2021-09-30  1726.88  1764.07  1722.15  1756.95   30.52     30.52  14.431139   9.719633     2.114871  0.017678      0.017678    0.008689         2.034641   41.92  20.175050           2.077814              1              0                  1                  0            1            0              1756.95                  NaN                  1756.95                      NaN                 1756.95                     NaN
2021-10-13  1759.93  1796.05  1757.77  1792.92   32.95     32.95  14.464232   9.744821     2.278033  0.018722      0.018722    0.008700         2.152012   38.28  20.254990           1.889905              1              0                  1                  0            0            0              1792.92                  NaN                  1792.92                      NaN                     NaN                     NaN
2021-11-22  1844.76  1849.02  1802.15  1804.57  -41.41     41.41  14.624096   9.908562     2.831628 -0.022433      0.022433    0.008750         2.563712   46.87  20.575030           2.278004              1              0                  1                  0            1            0              1804.57                  NaN                  1804.57                      NaN                 1804.57                     NaN
2022-02-11  1826.32  1865.22  1820.72  1857.76   31.40     31.40  14.760112  10.048958     2.127355  0.017193      0.017193    0.008763         1.961920   44.50  20.898879           2.129301              1              0                  0                  0            1            0              1857.76                  NaN                      NaN                      NaN                 1857.76                     NaN
2022-03-01  1907.03  1950.17  1901.19  1944.71   36.32     36.32  14.823911  10.106478     2.450096  0.019032      0.019032    0.008765         2.171275   48.98  21.121954           2.318914              1              0                  1                  0            1            0              1944.71                  NaN                  1944.71                      NaN                 1944.71                     NaN
2022-03-04  1936.77  1970.57  1929.62  1969.69   34.30     34.30  14.871618  10.151300     2.306407  0.017723      0.017723    0.008786         2.017193   40.95  21.177232           1.933680              1              0                  1                  0            0            0              1969.69                  NaN                  1969.69                      NaN                     NaN                     NaN
2022-03-08  1996.32  2070.20  1981.01  2049.59   52.10     52.10  14.967088  10.199286     3.480971  0.026083      0.026083    0.008817         2.958076   89.19  21.261260           4.194954              1              1                  1                  0            1            1              2049.59              2049.59                  2049.59                      NaN                 2049.59                 2049.59
2022-03-09  2049.14  2059.13  1975.92  1991.48  -58.11     58.11  15.078424  10.247004     3.853851 -0.028352      0.028352    0.008861         3.199547   83.21  21.329742           3.901125              1              1                  1                  1            1            1              1991.48              1991.48                  1991.48                  1991.48                 1991.48                 1991.48
2022-03-14  1988.16  1989.99  1949.56  1950.41  -37.43     37.43  15.129462  10.293869     2.473981 -0.018829      0.018829    0.008883         2.119617   40.43  21.412748           1.888128              1              0                  1                  0            0            0              1950.41                  NaN                  1950.41                      NaN                     NaN                     NaN
2022-03-15  1952.12  1954.51  1906.97  1917.73  -32.68     32.68  15.165082  10.322460     2.154950 -0.016755      0.016755    0.008899         1.882788   47.54  21.446240           2.216706              1              0                  0                  0            1            0              1917.73                  NaN                      NaN                      NaN                 1917.73                     NaN
2022-03-28  1956.82  1958.63  1916.94  1922.59  -35.42     35.42  15.248518  10.403065     2.322849 -0.018090      0.018090    0.008927         2.026495   41.69  21.599276           1.930157              1              0                  1                  0            0            0              1922.59                  NaN                  1922.59                      NaN                     NaN                     NaN
2022-04-25  1930.62  1934.20  1891.33  1897.86  -33.43     33.43  15.338540  10.536290     2.179477 -0.017310      0.017310    0.008952         1.933556   42.87  21.880218           1.959304              1              0                  0                  0            0            0              1897.86                  NaN                      NaN                      NaN                     NaN                     NaN
2022-05-02  1896.57  1899.84  1854.46  1862.72  -34.38     34.38  15.392290  10.591647     2.233586 -0.018122      0.018122    0.008977         2.018788   45.38  21.969633           2.065578              1              0                  1                  0            1            0              1862.72                  NaN                  1862.72                      NaN                 1862.72                     NaN
2022-06-13  1875.00  1878.71  1817.86  1819.04  -52.17     52.17  15.619746  10.827738     3.340003 -0.027880      0.027880    0.009063         3.076269   60.85  22.445476           2.711014              1              1                  1                  1            1            0              1819.04              1819.04                  1819.04                  1819.04                 1819.04                     NaN
2022-07-05  1807.49  1812.06  1762.69  1762.69  -44.81     44.81  15.741530  10.939673     2.846610 -0.024791      0.024791    0.009117         2.719324   49.37  22.643849           2.180283              1              0                  1                  0            1            0              1762.69                  NaN                  1762.69                      NaN                 1762.69                     NaN
2022-09-15  1697.15  1698.08  1660.27  1664.60  -32.61     32.61  15.914529  11.177837     2.049071 -0.019214      0.019214    0.009139         2.102336   37.81  23.164484           1.632240              1              0                  1                  0            0            0              1664.60                  NaN                  1664.60                      NaN                     NaN                     NaN
2022-10-03  1662.57  1701.49  1659.50  1699.71   39.50     39.50  16.021132  11.272024     2.465494  0.023792      0.023792    0.009197         2.586905   41.99  23.364177           1.797196              1              0                  1                  0            0            0              1699.71                  NaN                  1699.71                      NaN                     NaN                     NaN
2022-11-04  1628.45  1684.21  1628.36  1684.21   56.20     56.20  16.244422  11.488730     3.459649  0.034521      0.034521    0.009326         3.701388   55.85  23.767460           2.349851              1              1                  1                  1            1            0              1684.21              1684.21                  1684.21                  1684.21                 1684.21                     NaN
2022-11-08  1674.86  1716.91  1665.94  1712.01   36.56     36.56  16.286538  11.529524     2.244799  0.021821      0.021821    0.009352         2.333237   50.97  23.819296           2.139862              1              0                  1                  0            1            0              1712.01                  NaN                  1712.01                      NaN                 1712.01                     NaN
2022-11-10  1705.73  1757.14  1703.71  1755.60   48.99     48.99  16.357992  11.575962     2.994866  0.028706      0.028706    0.009394         3.055743   53.43  23.875734           2.237837              1              0                  1                  1            1            0              1755.60                  NaN                  1755.60                  1755.60                 1755.60                     NaN
2022-12-01  1768.71  1803.92  1768.22  1802.80   34.80     34.80  16.411458  11.633700     2.120470  0.019683      0.019683    0.009409         2.091988   35.70  24.010446           1.486853              1              0                  1                  0            0            0              1802.80                  NaN                  1802.80                      NaN                     NaN                     NaN
2023-02-02  1950.86  1959.58  1911.20  1912.15  -38.11     38.11  16.690686  11.951359     2.283309 -0.019541      0.019541    0.009514         2.053995   48.38  24.609802           1.965883              1              0                  1                  0            0            0              1912.15                  NaN                  1912.15                      NaN                     NaN                     NaN
2023-02-03  1911.87  1918.49  1861.27  1864.42  -47.73     47.73  16.759092  11.993819     2.848006 -0.024961      0.024961    0.009546         2.614780   57.22  24.658016           2.320544              1              0                  1                  0            1            0              1864.42                  NaN                  1864.42                      NaN                 1864.42                     NaN