               open     high      low    close    move  abs_move     st_dev   avg_move  st_dev_move  pct_move  abs_pct_move  st_dev_pct  st_dev_pct_move    diff   avg_diff  avg_diff_multiple  2_st_dev_move  3_st_dev_move  2_st_dev_pct_move  3_st_dev_pct_move  2_mean_diff  3_mean_diff  2_st_dev_move_price  3_st_dev_move_price  2_st_dev_pct_move_price  3_st_dev_pct_move_price  2_mean_diff_move_price  3_mean_diff_move_price
date                                                                                                                                                                                                                                                                                                                                                                                                                                    
2005-11-16   468.60   478.80   467.80   478.70   10.40     10.40   3.327149   2.537302     3.125800  0.022208      0.022208    0.007529         2.949818   11.00   4.939683           2.226864              1              1                  1                  0            1            0               478.70               478.70                   478.70                      NaN                  478.70                     NaN
2005-12-14   513.70   516.00   504.60   505.10  -12.00     12.00   3.459631   2.609921     3.468578 -0.023206      0.023206    0.007670         3.025753   11.40   5.103175           2.233904              1              1                  1                  1            1            0               505.10               505.10                   505.10                   505.10                  505.10                     NaN
2005-12-20   503.60   507.80   491.30   492.10  -11.40     11.40   3.508680   2.618254     3.249085 -0.022642      0.022642    0.007735         2.927152   16.50   5.208730           3.167759              1              1                  1                  0            1            1               492.10               492.10                   492.10                      NaN                  492.10                  492.10
2006-01-03   519.20   534.60   518.50   533.60   17.30     17.30   3.693128   2.704762     4.684376  0.033508      0.033508    0.008004         4.186312   16.10   5.273413           3.053051              1              1                  1                  1            1            1               533.60               533.60                   533.60                   533.60                  533.60                  533.60
2006-01-06   524.00   539.70   522.70   539.20   14.50     14.50   3.822258   2.765079     3.793569  0.027635      0.027635    0.008200         3.369989   17.00   5.355556           3.174274              1              1                  1                  1            1            1               539.20               539.20                   539.20                   539.20                  539.20                  539.20
2006-01-19   540.50   558.70   540.20   557.20   14.70     14.70   4.124558   2.967460     3.564018  0.027097      0.027097    0.008661         3.128767   18.50   5.619048           3.292373              1              1                  1                  1            1            1               557.20               557.20                   557.20                   557.20                  557.20                  557.20
2006-02-07   568.20   571.20   546.20   548.70  -19.90     19.90   4.329486   3.054365     4.596389 -0.034998      0.034998    0.008896         3.934285   25.00   5.907540           4.231880              1              1                  1                  1            1            1               548.70               548.70                   548.70                   548.70                  548.70                  548.70
2006-02-09   552.50   566.50   552.50   564.70   15.10     15.10   4.424870   3.113095     3.412530  0.027475      0.027475    0.009047         3.036921   14.00   5.966270           2.346525              1              1                  1                  1            1            0               564.70               564.70                   564.70                   564.70                  564.70                     NaN
2006-02-10   567.70   568.20   546.20   550.50  -14.20     14.20   4.515480   3.151984     3.144738 -0.025146      0.025146    0.009179         2.739458   22.00   6.025794           3.650971              1              1                  1                  0            1            1               550.50               550.50                   550.50                      NaN                  550.50                  550.50
2006-03-30   573.00   589.10   571.00   588.00   15.30     15.30   4.948225   3.550000     3.092018  0.026716      0.026716    0.009729         2.745917   18.10   6.742857           2.684322              1              1                  1                  0            1            0               588.00               588.00                   588.00                      NaN                  588.00                     NaN
2006-04-17   605.50   615.20   603.20   613.50   17.50     17.50   5.175089   3.764683     3.381584  0.029362      0.029362    0.010032         2.926786   12.00   7.024206           1.708378              1              1                  1                  0            0            0               613.50               613.50                   613.50                      NaN                     NaN                     NaN
2006-04-19   621.60   642.10   621.00   639.00   17.80     17.80   5.289250   3.828968     3.365317  0.028654      0.028654    0.010158         2.820785   21.10   7.098413           2.972496              1              1                  1                  0            1            0               639.00               639.00                   639.00                      NaN                  639.00                     NaN
2006-04-20   639.20   645.20   607.50   613.20  -25.80     25.80   5.548621   3.929762     4.649804 -0.040376      0.040376    0.010497         3.846524   37.70   7.231349           5.213412              1              1                  1                  1            1            1               613.20               613.20                   613.20                   613.20                  613.20                  613.20
2006-04-21   613.10   634.20   610.10   633.50   20.30     20.30   5.681973   4.003571     3.572702  0.033105      0.033105    0.010679         3.100021   24.10   7.313095           3.295458              1              1                  1                  1            1            1               633.50               633.50                   633.50                   633.50                  633.50                  633.50
2006-04-28   633.60   655.50   633.60   653.70   20.50     20.50   5.943591   4.198810     3.449093  0.032375      0.032375    0.011011         2.940146   21.90   7.584524           2.887459              1              1                  1                  0            1            0               653.70               653.70                   653.70                      NaN                  653.70                     NaN
2006-05-09   679.70   700.60   677.70   699.70   21.50     21.50   6.207016   4.388095     3.463822  0.031702      0.031702    0.011281         2.810215   22.90   7.904762           2.896988              1              1                  1                  0            1            0               699.70               699.70                   699.70                      NaN                  699.70                     NaN
2006-05-15   712.70   719.70   676.10   679.50  -34.70     34.70   6.612186   4.549206     5.247886 -0.048586      0.048586    0.011702         4.151923   43.60   8.251587           5.283832              1              1                  1                  1            1            1               679.50               679.50                   679.50                   679.50                  679.50                  679.50
2006-05-19   683.00   688.20   650.60   657.20  -27.50     27.50   6.867380   4.682143     4.004438 -0.040164      0.040164    0.012011         3.343846   37.60   8.610317           4.366854              1              1                  1                  1            1            1               657.20               657.20                   657.20                   657.20                  657.20                  657.20
2006-05-24   665.70   669.60   635.60   642.10  -24.00     24.00   7.069743   4.807143     3.394749 -0.036031      0.036031    0.012269         2.936649   34.00   8.897619           3.821247              1              1                  1                  0            1            1               642.10               642.10                   642.10                      NaN                  642.10                  642.10
2006-06-13   604.10   604.10   560.50   565.50  -38.70     38.70   7.674157   5.155159     5.042899 -0.064052      0.064052    0.013169         4.863994   43.60   9.612302           4.535854              1              1                  1                  1            1            1               565.50               565.50                   565.50                   565.50                  565.50                  565.50
2007-11-12   829.10   831.20   791.20   793.40  -38.20     38.20   7.062299   5.123810     5.409003 -0.045936      0.045936    0.010164         4.519258   40.00   9.832540           4.068125              1              1                  1                  1            1            1               793.40               793.40                   793.40                   793.40                  793.40                  793.40
2007-11-15   812.20   817.80   782.20   787.60  -24.60     24.60   7.275635   5.258333     3.381148 -0.030288      0.030288    0.010386         2.916232   35.60  10.019841           3.552950              1              1                  1                  0            1            1               787.60               787.60                   787.60                      NaN                  787.60                  787.60
2008-01-02   841.00   861.00   839.50   857.20   25.40     25.40   7.925358   5.801984     3.204902  0.030536      0.030536    0.010852         2.813827   21.50  10.965476           1.960699              1              1                  1                  0            0            0               857.20               857.20                   857.20                      NaN                     NaN                     NaN
2008-01-22   860.90   894.20   849.60   891.00   27.30     27.30   8.373221   6.120635     3.260394  0.031608      0.031608    0.011163         2.831520   44.60  11.628175           3.835512              1              1                  1                  0            1            1               891.00               891.00                   891.00                      NaN                  891.00                  891.00
2008-03-19   984.80   996.80   937.40   942.70  -40.30     40.30   9.356039   6.790079     4.307378 -0.040997      0.040997    0.011528         3.556280   59.40  13.305159           4.464434              1              1                  1                  1            1            1               942.70               942.70                   942.70                   942.70                  942.70                  942.70
2008-03-20   938.80   939.10   904.40   909.60  -33.10     33.10   9.600956   6.917857     3.447573 -0.035112      0.035112    0.011756         2.986734   34.70  13.419444           2.585800              1              1                  1                  0            1            0               909.60               909.60                   909.60                      NaN                  909.60                     NaN
2008-04-01   915.40   920.50   871.80   883.30  -32.50     32.50  10.128072   7.341270     3.208903 -0.035488      0.035488    0.012247         2.897697   48.70  13.951984           3.490543              1              1                  1                  0            1            1               883.30               883.30                   883.30                      NaN                  883.30                  883.30
2008-09-17   778.50   868.10   777.00   863.50   85.50     85.50  14.074545  10.526508     6.074797  0.109897      0.109897    0.016468         6.673531   91.10  19.734524           4.616276              1              1                  1                  1            1            1               863.50               863.50                   863.50                   863.50                  863.50                  863.50
2008-10-10   915.90   931.10   826.60   849.60  -63.40     63.40  15.350096  11.345952     4.130267 -0.069441      0.069441    0.017797         3.901930  104.50  22.058333           4.737439              1              1                  1                  1            1            1               849.60               849.60                   849.60                   849.60                  849.60                  849.60
2008-11-21   743.90   801.30   742.20   800.00   55.00     55.00  16.366445  12.053889     3.360534  0.073826      0.073826    0.019382         3.809045   59.10  24.026587           2.459775              1              1                  1                  1            1            0               800.00               800.00                   800.00                   800.00                  800.00                     NaN
2009-12-04  1205.68  1212.24  1147.32  1160.82  -46.78     46.78  12.015641   9.278413     3.893259 -0.038738      0.038738    0.012691         3.052327   64.92  18.371151           3.533801              1              1                  1                  1            1            1              1160.82              1160.82                  1160.82                  1160.82                 1160.82                 1160.82
2009-12-17  1139.32  1141.51  1094.71  1097.29  -40.55     40.55  12.332542   9.351468     3.288049 -0.035638      0.035638    0.012795         2.785372   46.80  18.562302           2.521239              1              1                  1                  0            1            0              1097.29              1097.29                  1097.29                      NaN                 1097.29                     NaN
2010-02-04  1106.31  1110.83  1059.58  1064.35  -46.09     46.09  12.155068   9.147262     3.791834 -0.041506      0.041506    0.011950         3.473349   51.25  17.929286           2.858452              1              1                  1                  1            1            0              1064.35              1064.35                  1064.35                  1064.35                 1064.35                     NaN
2010-07-01  1242.53  1243.73  1196.35  1198.40  -43.73     43.73  12.192384   9.014762     3.586665 -0.035206      0.035206    0.010897         3.230645   47.38  17.804762           2.661086              1              1                  1                  1            1            0              1198.40              1198.40                  1198.40                  1198.40                 1198.40                     NaN
2010-11-04  1348.73  1393.45  1347.55  1391.20   43.25     43.25  12.740736   9.355437     3.394623  0.032086      0.032086    0.010737         2.988455   45.90  18.479008           2.483900              1              1                  1                  0            1            0              1391.20              1391.20                  1391.20                      NaN                 1391.20                     NaN
2010-11-15  1373.08  1376.60  1355.55  1360.30  -51.70     51.70  13.150164   9.562341     3.931510 -0.036615      0.036615    0.010939         3.347312   21.05  18.654444           1.128417              1              1                  1                  1            0            0              1360.30              1360.30                  1360.30                  1360.30                     NaN                     NaN
2011-05-05  1517.50  1521.80  1462.35  1473.90  -41.92     41.92  12.563917   9.177222     3.336539 -0.027655      0.027655    0.009366         2.952812   59.45  18.131151           3.278887              1              1                  1                  0            1            1              1473.90              1473.90                  1473.90                      NaN                 1473.90                 1473.90
2011-08-02  1619.02  1658.74  1616.20  1658.29   38.51     38.51  12.386449   9.210238     3.109043  0.023775      0.023775    0.008735         2.721666   42.54  18.688611           2.276253              1              1                  1                  0            1            0              1658.29              1658.29                  1658.29                      NaN                 1658.29                     NaN
2011-08-08  1684.10  1720.03  1682.30  1717.90   52.78     52.78  12.849567   9.465278     4.107531  0.031697      0.031697    0.008958         3.538268   37.73  18.948571           1.991179              1              1                  1                  1            0            0              1717.90              1717.90                  1717.90                  1717.90                     NaN                     NaN
2011-08-10  1742.38  1796.69  1737.10  1792.09   53.69     53.69  13.277145   9.690833     4.043791  0.030885      0.030885    0.009142         3.378292   59.59  19.336429           3.081748              1              1                  1                  1            1            1              1792.09              1792.09                  1792.09                  1792.09                 1792.09                 1792.09
2011-08-22  1865.66  1897.88  1858.04  1896.45   44.94     44.94  14.061945  10.347262     3.195859  0.024272      0.024272    0.009475         2.561809   39.84  20.301944           1.962374              1              1                  1                  0            0            0              1896.45              1896.45                  1896.45                      NaN                     NaN                     NaN
2011-08-23  1907.64  1911.63  1823.34  1829.31  -67.14     67.14  14.729154  10.603690     4.558307 -0.035403      0.035403    0.009756         3.628682   88.29  20.612778           4.283266              1              1                  1                  1            1            1              1829.31              1829.31                  1829.31                  1829.31                 1829.31                 1829.31
2011-08-24  1834.50  1853.69  1749.68  1759.89  -69.42     69.42  15.407095  10.877103     4.505716 -0.037949      0.037949    0.010069         3.768757  104.01  20.985357           4.956313              1              1                  1                  1            1            1              1759.89              1759.89                  1759.89                  1759.89                 1759.89                 1759.89
2011-08-26  1770.62  1826.88  1757.00  1825.27   55.20     55.20  15.764276  11.090437     3.501588  0.031185      0.031185    0.010235         3.046919   69.88  21.454722           3.257092              1              1                  1                  1            1            1              1825.27              1825.27                  1825.27                  1825.27                 1825.27                 1825.27
2011-09-02  1825.85  1884.33  1824.14  1881.92   55.99     55.99  16.578807  11.604008     3.377203  0.030664      0.030664    0.010610         2.890156   60.19  22.095635           2.724067              1              1                  1                  0            1            0              1881.92              1881.92                  1881.92                      NaN                 1881.92                     NaN
2011-09-07  1869.05  1880.21  1792.41  1816.93  -58.70     58.70  17.105706  11.944683     3.431603 -0.031296      0.031296    0.010837         2.887787   87.80  22.650437           3.876305              1              1                  1                  0            1            1              1816.93              1816.93                  1816.93                      NaN                 1816.93                 1816.93
2011-09-23  1739.20  1755.09  1628.82  1653.92  -86.18     86.18  19.045708  13.231746     4.524904 -0.049526      0.049526    0.011782         4.203463  126.27  24.830119           5.085356              1              1                  1                  1            1            1              1653.92              1653.92                  1653.92                  1653.92                 1653.92                 1653.92
2012-02-29  1785.06  1790.56  1685.96  1696.35  -87.70     87.70  22.230618  16.128968     3.945010 -0.049158      0.049158    0.013025         3.774070  104.60  31.244127           3.347829              1              1                  1                  1            1            1              1696.35              1696.35                  1696.35                  1696.35                 1696.35                 1696.35
2013-04-12  1559.95  1564.71  1481.75  1482.33  -78.66     78.66  14.198141   9.855040     5.540162 -0.050391      0.050391    0.008762         5.751354   82.96  20.758294           3.996475              1              1                  1                  1            1            1              1482.33              1482.33                  1482.33                  1482.33                 1482.33                 1482.33
2013-04-15  1482.82  1495.57  1337.09  1348.00 -134.33    134.33  16.506509  10.369087     8.138002 -0.090621      0.090621    0.010444         8.677112  158.48  21.307897           7.437618              1              1                  1                  1            1            1              1348.00              1348.00                  1348.00                  1348.00                 1348.00                 1348.00
2013-06-20  1350.93  1351.15  1276.13  1284.42  -66.61     66.61  17.002175  11.076230     3.917734 -0.049303      0.049303    0.011131         4.429187   75.02  22.455794           3.340786              1              1                  1                  1            1            1              1284.42              1284.42                  1284.42                  1284.42                 1284.42                 1284.42
2014-06-19  1278.29  1321.51  1275.87  1319.67   42.21     42.21  13.896005  10.161905     3.037564  0.033042      0.033042    0.010706         3.086428   45.64  20.548611           2.221075              1              1                  1                  1            1            0              1319.67              1319.67                  1319.67                  1319.67                 1319.67                     NaN
2014-11-07  1140.60  1178.58  1131.44  1176.24   34.92     34.92  10.979202   7.974246     3.180559  0.030596      0.030596    0.008691         3.520276   47.14  16.270040           2.897350              1              1                  1                  1            1            0              1176.24              1176.24                  1176.24                  1176.24                 1176.24                     NaN
2014-12-01  1158.49  1220.80  1141.74  1210.80   44.92     44.92  11.235643   8.100635     3.997991  0.038529      0.038529    0.008992         4.284696   79.06  16.477143           4.798162              1              1                  1                  1            1            1              1210.80              1210.80                  1210.80                  1210.80                 1210.80                 1210.80
2015-07-20  1132.56  1133.10  1069.72  1096.70  -37.53     37.53  11.274150   8.209722     3.328854 -0.033089      0.033089    0.009371         3.530957   63.38  16.773095           3.778670              1              1                  1                  1            1            1              1096.70              1096.70                  1096.70                  1096.70                 1096.70                 1096.70
2016-02-11  1196.72  1263.34  1196.72  1248.70   51.29     51.29   9.966771   7.389048     5.146100  0.042834      0.042834    0.008711         4.917064   66.62  15.398214           4.326476              1              1                  1                  1            1            1              1248.70              1248.70                  1248.70                  1248.70                 1248.70                 1248.70
2016-06-24  1253.05  1358.25  1250.34  1315.67   59.71     59.71  12.124038   8.950833     4.924927  0.047541      0.047541    0.010230         4.647241  107.91  17.732738           6.085355              1              1                  1                  1            1            1              1315.67              1315.67                  1315.67                  1315.67                 1315.67                 1315.67
2016-10-04  1311.76  1312.97  1266.92  1268.45  -43.28     43.28  12.304408   9.047857     3.517439 -0.032995      0.032995    0.010050         3.283096   46.05  17.877381           2.575881              1              1                  1                  1            1            0              1268.45              1268.45                  1268.45                  1268.45                 1268.45                     NaN
2018-10-11  1194.18  1226.30  1191.22  1224.82   30.79     30.79   7.958186   5.967857     3.868972  0.025787      0.025787    0.006237         4.134664   35.08  12.377421           2.834193              1              1                  1                  1            1            0              1224.82              1224.82                  1224.82                  1224.82                 1224.82                     NaN
2019-06-20  1359.47  1393.90  1357.65  1388.35   28.71     28.71   7.624438   5.767976     3.765523  0.021116      0.021116    0.006062         3.483074   36.25  11.623770           3.118610              1              1                  1                  1            1            1              1388.35              1388.35                  1388.35                  1388.35                 1388.35                 1388.35
2019-07-01  1391.67  1397.72  1381.66  1383.75  -26.16     26.16   7.918496   5.925794     3.303658 -0.018554      0.018554    0.006237         2.974854   16.06  11.901071           1.349458              1              1                  1                  0            0            0              1383.75              1383.75                  1383.75                      NaN                     NaN                     NaN
2019-07-02  1383.94  1420.97  1383.74  1418.00   34.25     34.25   8.197834   6.055833     4.177933  0.024752      0.024752    0.006422         3.854134   37.23  11.997381           3.103177              1              1                  1                  1            1            1              1418.00              1418.00                  1418.00                  1418.00                 1418.00                 1418.00
2019-08-01  1415.85  1445.95  1400.44  1444.89   32.66     32.66   8.904093   6.532421     3.667976  0.023127      0.023127    0.006828         3.387165   45.51  12.813214           3.551802              1              1                  1                  1            1            1              1444.89              1444.89                  1444.89                  1444.89                 1444.89                 1444.89
2019-08-23  1498.54  1530.20  1493.47  1526.25   28.09     28.09   9.248957   6.817897     3.037099  0.018750      0.018750    0.006915         2.711283   36.73  13.544048           2.711892              1              1                  1                  0            1            0              1526.25              1526.25                  1526.25                      NaN                 1526.25                     NaN
2019-09-05  1551.44  1552.95  1506.19  1518.89  -33.71     33.71   9.640117   7.075437     3.496846 -0.021712      0.021712    0.007117         3.050634   46.76  14.049484           3.328236              1              1                  1                  1            1            1              1518.89              1518.89                  1518.89                  1518.89                 1518.89                 1518.89
2020-02-28  1641.91  1649.46  1562.93  1584.70  -59.53     59.53  11.393105   8.376389     5.225090 -0.036205      0.036205    0.007721         4.689100   86.53  17.065635           5.070424              1              1                  1                  1            1            1              1584.70              1584.70                  1584.70                  1584.70                 1584.70                 1584.70
2020-03-03  1590.45  1649.29  1589.58  1639.48   49.73     49.73  11.785569   8.542817     4.219567  0.031282      0.031282    0.007945         3.937289   59.71  17.369167           3.437701              1              1                  1                  1            1            1              1639.48              1639.48                  1639.48                  1639.48                 1639.48                 1639.48
2020-03-05  1636.57  1674.57  1634.97  1671.58   35.85     35.85  11.946942   8.616746     3.000768  0.021917      0.021917    0.008020         2.732606   39.60  17.500198           2.262831              1              1                  1                  0            1            0              1671.58              1671.58                  1671.58                      NaN                 1671.58                     NaN
2020-03-12  1640.10  1650.07  1560.59  1578.63  -58.00     58.00  12.684390   8.961071     4.572549 -0.035439      0.035439    0.008429         4.204453   89.48  18.248968           4.903291              1              1                  1                  1            1            1              1578.63              1578.63                  1578.63                  1578.63                 1578.63                 1578.63
2020-03-13  1576.30  1597.91  1504.62  1529.78  -48.85     48.85  13.067070   9.139881     3.738405 -0.030945      0.030945    0.008661         3.572724   93.29  18.586905           5.019125              1              1                  1                  1            1            1              1529.78              1529.78                  1529.78                  1529.78                 1529.78                 1529.78
2020-03-18  1537.29  1543.29  1472.61  1484.63  -43.17     43.17  13.450049   9.382937     3.209654 -0.028256      0.028256    0.008905         3.172974   70.68  19.521468           3.620629              1              1                  1                  1            1            1              1484.63              1484.63                  1484.63                  1484.63                 1484.63                 1484.63
2020-03-23  1490.20  1561.08  1485.00  1552.39   53.75     53.75  13.888520   9.626706     3.870103  0.035866      0.035866    0.009187         3.904050   76.08  19.988333           3.806220              1              1                  1                  1            1            1              1552.39              1552.39                  1552.39                  1552.39                 1552.39                 1552.39
2020-03-24  1563.45  1632.30  1557.62  1625.33   72.94     72.94  14.606298   9.896151     4.993736  0.046986      0.046986    0.009635         4.876552   74.68  20.256230           3.686767              1              1                  1                  1            1            1              1625.33              1625.33                  1625.33                  1625.33                 1625.33                 1625.33
2020-08-11  2026.64  2029.92  1901.25  1912.57 -115.04    115.04  18.053368  12.269325     6.372218 -0.056737      0.056737    0.010764         5.271159  128.67  25.112897           5.123662              1              1                  1                  1            1            1              1912.57              1912.57                  1912.57                  1912.57                 1912.57                 1912.57
2020-08-19  2005.10  2006.37  1924.51  1927.66  -74.56     74.56  18.902776  12.781468     3.944394 -0.037239      0.037239    0.011097         3.355847   81.86  26.020675           3.145960              1              1                  1                  1            1            1              1927.66              1927.66                  1927.66                  1927.66                 1927.66                 1927.66
2020-11-09  1957.18  1965.46  1850.52  1863.13  -88.68     88.68  20.733399  14.156389     4.277157 -0.045435      0.045435    0.011719         3.877108  114.94  28.737619           3.999635              1              1                  1                  1            1            1              1863.13              1863.13                  1863.13                  1863.13                 1863.13                 1863.13
2022-03-08  1997.23  2070.30  1981.08  2050.15   52.91     52.91  14.638585  10.891389     3.614420  0.026492      0.026492    0.008045         3.292732   89.22  22.926071           3.891639              1              1                  1                  1            1            1              2050.15              2050.15                  2050.15                  2050.15                 2050.15                 2050.15
2022-03-09  2050.01  2059.24  1976.04  1992.39  -57.76     57.76  15.091818  11.088651     3.827239 -0.028174      0.028174    0.008242         3.418441   83.20  23.112540           3.599777              1              1                  1                  1            1            1              1992.39              1992.39                  1992.39                  1992.39                 1992.39                 1992.39
2022-06-13  1878.20  1878.78  1819.06  1819.11  -52.46     52.46  15.563829  11.439206     3.370636 -0.028030      0.028030    0.008364         3.351227   59.72  24.110278           2.476952              1              1                  1                  1            1            0              1819.11              1819.11                  1819.11                  1819.11                 1819.11                     NaN
2022-11-04  1629.05  1681.72  1628.77  1680.61   51.15     51.15  16.244457  12.272222     3.148766  0.031391      0.031391    0.008921         3.518691   52.95  25.197540           2.101396              1              1                  1                  1            1            0              1680.61              1680.61                  1680.61                  1680.61                 1680.61                     NaN